   8.6600000e+02   2.4971090e+03   2.4949080e+03   1.9831300e+01   3.0985770e+02   1.8113300e+01   1.3553079e+03   1.7180000e+00   1.1250000e+00   3.0000000e-02   5.2423219e+01  -2.1962308e+00
   7.1900000e+02   3.0561510e+03   2.7610970e+03   2.1154500e+01   9.1600600e+01   1.8620100e+01   8.4979670e+02   2.5344000e+00   9.3000000e-01   3.0000000e-02   5.2413118e+01  -2.1914246e+00
   1.4000000e+01   2.4000360e+03   3.8097830e+03   2.3423100e+01   1.1336000e+01   2.0974700e+01   9.7149500e+01   2.4484000e+00   3.3700000e-01   3.0000000e-02   5.2424973e+01  -2.1724900e+00
   3.9000000e+01   2.4672940e+03   3.6311330e+03   2.4895900e+01   2.9198000e+00   2.2949300e+01   1.5762800e+01   1.9466000e+00   5.1100000e-01   3.0000000e-02   5.2423758e+01  -2.1757157e+00
   4.1000000e+01   2.4141560e+03   3.6580130e+03   2.1903900e+01   4.5933700e+01   1.9810900e+01   2.8377440e+02   2.0930000e+00   3.1500000e-01   3.0000000e-02   5.2424718e+01  -2.1752303e+00
   6.6000000e+01   2.3442190e+03   3.6589900e+03   2.5684400e+01   1.4124000e+00   2.3829100e+01   7.0097000e+00   1.8553000e+00   5.7900000e-01   0.0000000e+00   5.2425981e+01  -2.1752127e+00
   9.0000000e+01   2.2938100e+03   3.5043440e+03   2.3586000e+01   9.7565000e+00   2.1662700e+01   5.1554200e+01   1.9233000e+00   4.0200000e-01   3.0000000e-02   5.2426892e+01  -2.1780049e+00
   1.0700000e+02   1.8329070e+03   3.4704000e+03   2.4337900e+01   4.8814000e+00   2.2051500e+01   3.6034800e+01   2.2864000e+00   2.7100000e-01   3.0000000e-02   5.2435220e+01  -2.1786177e+00
   1.1500000e+02   2.3529100e+03   3.4408060e+03   2.5131200e+01   2.3509000e+00   2.2513100e+01   2.3556000e+01   2.6181000e+00   5.5100000e-01   3.0000000e-02   5.2425824e+01  -2.1791521e+00
   1.1600000e+02   2.3714290e+03   3.3890970e+03   2.4436400e+01   4.4582000e+00   2.2436700e+01   2.5272400e+01   1.9997000e+00   4.4200000e-01   3.0000000e-02   5.2425490e+01  -2.1800858e+00
   1.5100000e+02   2.7360410e+03   3.3604100e+03   2.3306200e+01   1.2625100e+01   2.0948400e+01   9.9535000e+01   2.3578000e+00   3.4800000e-01   3.0000000e-02   5.2418902e+01  -2.1806037e+00
   1.8600000e+02   2.9036710e+03   3.3245760e+03   2.4499200e+01   4.2076000e+00   2.2220300e+01   3.0847500e+01   2.2789000e+00   3.3400000e-01   3.0000000e-02   5.2415873e+01  -2.1812507e+00
   1.8700000e+02   2.9771830e+03   3.2976010e+03   2.1478700e+01   6.7952700e+01   1.9699800e+01   3.1435700e+02   1.7789000e+00   3.5500000e-01   3.0000000e-02   5.2414545e+01  -2.1817377e+00
   1.9600000e+02   2.6206810e+03   3.3069890e+03   2.4919900e+01   2.8559000e+00   2.3070900e+01   1.4092700e+01   1.8490000e+00   6.3400000e-01   0.0000000e+00   5.2420986e+01  -2.1815683e+00
   1.9800000e+02   2.0572960e+03   3.3015180e+03   2.5793500e+01   1.2774000e+00   2.3204600e+01   1.2459400e+01   2.5889000e+00   4.2300000e-01   3.0000000e-02   5.2431166e+01  -2.1816670e+00
   2.0700000e+02   2.1813830e+03   3.2855260e+03   2.3765700e+01   8.2687000e+00   2.1697700e+01   4.9917500e+01   2.0680000e+00   7.8000000e-01   3.0000000e-02   5.2428924e+01  -2.1819558e+00
   2.1500000e+02   2.2863200e+03   3.2740460e+03   2.5898400e+01   1.1597000e+00   2.3747800e+01   7.5549000e+00   2.1506000e+00   4.8700000e-01   0.0000000e+00   5.2427028e+01  -2.1821631e+00
   2.3200000e+02   2.7208430e+03   3.2258010e+03   2.4657700e+01   3.6359000e+00   2.2492400e+01   2.4009200e+01   2.1653000e+00   6.3700000e-01   3.0000000e-02   5.2419176e+01  -2.1830341e+00
   2.3400000e+02   2.7702480e+03   3.2471020e+03   2.3415100e+01   1.1420400e+01   2.1170000e+01   8.1155600e+01   2.2451000e+00   4.1300000e-01   3.0000000e-02   5.2418284e+01  -2.1826495e+00
   2.7600000e+02   1.9633260e+03   3.1615790e+03   2.1910800e+01   4.5642300e+01   1.9707700e+01   3.1208030e+02   2.2031000e+00   3.7300000e-01   3.0000000e-02   5.2432864e+01  -2.1841937e+00
   2.8500000e+02   2.1180990e+03   3.2087880e+03   2.5464500e+01   1.7295000e+00   2.3618600e+01   8.5092000e+00   1.8459000e+00   3.5800000e-01   3.0000000e-02   5.2430067e+01  -2.1833413e+00
   2.8600000e+02   3.1447180e+03   3.2061660e+03   2.6001800e+01   1.0543000e+00   2.3952000e+01   6.2597000e+00   2.0498000e+00   4.7100000e-01   1.0000000e-02   5.2411518e+01  -2.1833886e+00
   3.7200000e+02   3.1053470e+03   3.0377740e+03   2.3723700e+01   8.5943000e+00   2.1192200e+01   7.9519400e+01   2.5315000e+00   3.3900000e-01   3.0000000e-02   5.2412229e+01  -2.1864290e+00
   3.7300000e+02   3.0720030e+03   3.0449380e+03   2.4694300e+01   3.5155000e+00   2.2768900e+01   1.8610900e+01   1.9254000e+00   3.9100000e-01   3.0000000e-02   5.2412831e+01  -2.1862997e+00
   3.7400000e+02   3.0217710e+03   3.0375760e+03   2.1917300e+01   4.5369600e+01   1.9600800e+01   3.4437250e+02   2.3165000e+00   4.2100000e-01   3.0000000e-02   5.2413739e+01  -2.1864326e+00
   3.7500000e+02   3.0476440e+03   3.0221080e+03   2.4598000e+01   3.8416000e+00   2.2018100e+01   3.7163600e+01   2.5799000e+00   3.8700000e-01   3.0000000e-02   5.2413271e+01  -2.1867119e+00
   3.8300000e+02   1.8627320e+03   3.0911920e+03   2.5263300e+01   2.0815000e+00   2.3789400e+01   7.2707000e+00   1.4739000e+00   5.9200000e-01   0.0000000e+00   5.2434681e+01  -2.1854645e+00
   3.8900000e+02   2.0507700e+03   3.0854270e+03   2.4921800e+01   2.8509000e+00   2.3195700e+01   1.2562200e+01   1.7261000e+00   3.8100000e-01   3.0000000e-02   5.2431284e+01  -2.1855687e+00
   3.9000000e+02   2.0310120e+03   3.0676020e+03   2.3517500e+01   1.0392400e+01   2.1113400e+01   8.5500400e+01   2.4041000e+00   3.2400000e-01   3.0000000e-02   5.2431641e+01  -2.1858905e+00
   4.1600000e+02   2.3775360e+03   3.0535630e+03   2.4257600e+01   5.2561000e+00   2.2031900e+01   3.6692800e+01   2.2257000e+00   3.1900000e-01   3.0000000e-02   5.2425379e+01  -2.1861440e+00
   4.1900000e+02   3.4405780e+03   3.0529650e+03   2.5526900e+01   1.6328000e+00   2.3836000e+01   6.9652000e+00   1.6909000e+00   3.5300000e-01   3.0000000e-02   5.2406172e+01  -2.1861547e+00
   4.2200000e+02   2.8107260e+03   3.0257820e+03   2.4114800e+01   5.9952000e+00   2.2147400e+01   3.2988200e+01   1.9674000e+00   2.9600000e-01   3.0000000e-02   5.2417552e+01  -2.1866456e+00
   4.2300000e+02   2.8882720e+03   2.9976900e+03   2.1344600e+01   7.6885700e+01   1.8846800e+01   6.8960780e+02   2.4978000e+00   4.7800000e-01   3.0000000e-02   5.2416151e+01  -2.1871528e+00
   4.2900000e+02   3.3592400e+03   3.0081310e+03   2.4017800e+01   6.5554000e+00   2.2106300e+01   3.4262200e+01   1.9115000e+00   4.9000000e-01   3.0000000e-02   5.2407641e+01  -2.1869642e+00
   4.3000000e+02   3.3385330e+03   3.0050090e+03   2.5791500e+01   1.2797000e+00   2.3781300e+01   7.3254000e+00   2.0102000e+00   5.5300000e-01   1.0000000e-02   5.2408015e+01  -2.1870206e+00
   4.3400000e+02   3.1792110e+03   3.0180020e+03   2.4811100e+01   3.1570000e+00   2.2725100e+01   1.9376800e+01   2.0860000e+00   3.7200000e-01   3.0000000e-02   5.2410894e+01  -2.1867860e+00
   4.4400000e+02   1.5339750e+03   3.0134620e+03   2.3283600e+01   1.2890800e+01   2.0776700e+01   1.1658870e+02   2.5069000e+00   3.9500000e-01   3.0000000e-02   5.2440621e+01  -2.1868679e+00
   4.5300000e+02   3.5089370e+03   2.9601600e+03   2.2358800e+01   3.0211700e+01   2.0082100e+01   2.2105550e+02   2.2767000e+00   4.9700000e-01   3.0000000e-02   5.2404936e+01  -2.1878303e+00
   4.7400000e+02   1.8030190e+03   3.0416400e+03   2.4723200e+01   3.4233000e+00   2.2858900e+01   1.7130500e+01   1.8643000e+00   3.8400000e-01   3.0000000e-02   5.2435760e+01  -2.1863592e+00
   4.8500000e+02   2.9859660e+03   2.9592350e+03   2.4456600e+01   4.3758000e+00   2.2548900e+01   2.2792300e+01   1.9077000e+00   2.7000000e-01   3.0000000e-02   5.2414386e+01  -2.1878471e+00
   4.9500000e+02   1.8209900e+03   2.8971210e+03   2.4749500e+01   3.3412000e+00   2.2909900e+01   1.6344000e+01   1.8396000e+00   4.6600000e-01   3.0000000e-02   5.2435435e+01  -2.1889686e+00
   5.0000000e+02   1.8844100e+03   2.9234200e+03   2.3106100e+01   1.5180300e+01   2.0749100e+01   1.1958840e+02   2.3570000e+00   2.6000000e-01   3.0000000e-02   5.2434290e+01  -2.1884938e+00
   5.3000000e+02   2.3421330e+03   2.9112250e+03   2.3751600e+01   8.3766000e+00   2.1525600e+01   5.8492300e+01   2.2260000e+00   7.2700000e-01   3.0000000e-02   5.2426019e+01  -2.1887140e+00
   5.3700000e+02   3.5841510e+03   2.9064090e+03   2.4049600e+01   6.3659000e+00   2.1458700e+01   6.2207200e+01   2.5909000e+00   3.5900000e-01   3.0000000e-02   5.2403577e+01  -2.1888008e+00
   5.4900000e+02   2.9008640e+03   3.0101540e+03   2.5362500e+01   1.8998000e+00   2.2931500e+01   1.6022900e+01   2.4310000e+00   4.9000000e-01   7.0000000e-01   5.2415924e+01  -2.1869278e+00
   5.6000000e+02   2.6290220e+03   2.8898100e+03   2.3453600e+01   1.1021700e+01   2.1340200e+01   6.9384700e+01   2.1134000e+00   5.1100000e-01   3.0000000e-02   5.2420835e+01  -2.1891006e+00
   5.6400000e+02   2.7095660e+03   2.8955440e+03   2.4261100e+01   5.2392000e+00   2.2202400e+01   3.1358800e+01   2.0587000e+00   4.2600000e-01   3.0000000e-02   5.2419380e+01  -2.1889971e+00
   5.6500000e+02   2.7295160e+03   2.8568660e+03   2.3144400e+01   1.4653100e+01   2.0560200e+01   1.4232380e+02   2.5842000e+00   3.0700000e-01   3.0000000e-02   5.2419020e+01  -2.1896955e+00
   5.7400000e+02   2.6118090e+03   2.8814160e+03   2.6343400e+01   7.6970000e-01   2.3619000e+01   8.5064000e+00   2.7244000e+00   3.1900000e-01   3.0000000e-02   5.2421146e+01  -2.1892522e+00
   5.8300000e+02   1.7471860e+03   2.8821250e+03   2.4095900e+01   6.0999000e+00   2.2428700e+01   2.5460400e+01   1.6672000e+00   3.8600000e-01   3.0000000e-02   5.2436769e+01  -2.1892394e+00
   5.9300000e+02   1.6387430e+03   2.8782350e+03   2.6032100e+01   1.0253000e+00   2.3659200e+01   8.1974000e+00   2.3729000e+00   4.7300000e-01   3.0000000e-02   5.2438729e+01  -2.1893096e+00
   6.1500000e+02   2.4455100e+03   2.8179750e+03   2.5357400e+01   1.9087000e+00   2.3789600e+01   7.2691000e+00   1.5678000e+00   3.8000000e-01   3.0000000e-02   5.2424151e+01  -2.1903977e+00
   6.1600000e+02   2.4878120e+03   2.7921610e+03   2.4286900e+01   5.1162000e+00   2.1886000e+01   4.1971400e+01   2.4009000e+00   2.7100000e-01   3.0000000e-02   5.2423387e+01  -2.1908638e+00
   6.1700000e+02   2.4856720e+03   2.8431710e+03   2.3716000e+01   8.6560000e+00   2.0910000e+01   1.0311640e+02   2.8060000e+00   2.9600000e-01   3.0000000e-02   5.2423426e+01  -2.1899427e+00
   6.2000000e+02   2.5537820e+03   2.8344410e+03   2.3281900e+01   1.2910400e+01   2.0788800e+01   1.1529590e+02   2.4931000e+00   3.3100000e-01   3.0000000e-02   5.2422195e+01  -2.1901004e+00
   6.2400000e+02   3.4825460e+03   2.8481330e+03   2.4660300e+01   3.6271000e+00   2.2431100e+01   2.5403300e+01   2.2292000e+00   4.1700000e-01   3.0000000e-02   5.2405413e+01  -2.1898531e+00
   6.6000000e+02   3.3000580e+03   2.8179630e+03   2.5411100e+01   1.8167000e+00   2.3552600e+01   9.0424000e+00   1.8585000e+00   4.2100000e-01   3.0000000e-02   5.2408711e+01  -2.1903978e+00
   6.7300000e+02   2.0132790e+03   2.8055000e+03   2.4232600e+01   5.3784000e+00   2.2436600e+01   2.5276300e+01   1.7960000e+00   3.9800000e-01   3.0000000e-02   5.2431961e+01  -2.1906229e+00
   6.7500000e+02   3.1437040e+03   2.8534200e+03   2.2409800e+01   2.8825400e+01   1.9877300e+01   2.6694010e+02   2.5325000e+00   3.8500000e-01   3.0000000e-02   5.2411536e+01  -2.1897576e+00
   6.8400000e+02   1.9573550e+03   2.7885830e+03   2.4358000e+01   4.7920000e+00   2.2072300e+01   3.5351000e+01   2.2857000e+00   3.2000000e-01   3.0000000e-02   5.2432972e+01  -2.1909283e+00
   6.8600000e+02   3.6153960e+03   2.7856270e+03   2.5793300e+01   1.2775000e+00   2.3833800e+01   6.9793000e+00   1.9595000e+00   5.9000000e-01   2.4000000e-01   5.2403013e+01  -2.1909816e+00
   6.8700000e+02   3.6067100e+03   2.7766080e+03   2.3351600e+01   1.2108100e+01   2.1130300e+01   8.4183400e+01   2.2213000e+00   3.1200000e-01   3.0000000e-02   5.2403170e+01  -2.1911444e+00
   6.9100000e+02   3.0489650e+03   2.7544790e+03   2.3632400e+01   9.3484000e+00   2.1003000e+01   9.4652500e+01   2.6294000e+00   5.2200000e-01   9.2000000e-01   5.2413247e+01  -2.1915441e+00
   7.0500000e+02   3.4970680e+03   2.7065580e+03   2.2314900e+01   3.1458500e+01   2.0031500e+01   2.3160910e+02   2.2834000e+00   4.4600000e-01   3.0000000e-02   5.2405151e+01  -2.1924093e+00
   7.1200000e+02   2.6449730e+03   2.7462480e+03   2.2332100e+01   3.0964000e+01   2.0332100e+01   1.7558610e+02   2.0000000e+00   3.4700000e-01   3.0000000e-02   5.2420547e+01  -2.1916927e+00
   7.1800000e+02   3.0752550e+03   2.9399340e+03   2.2349200e+01   3.0480100e+01   1.9934100e+01   2.5332660e+02   2.4151000e+00   5.5800000e-01   3.0000000e-02   5.2412773e+01  -2.1881956e+00
   7.3200000e+02   1.6003030e+03   2.6486740e+03   2.3879000e+01   7.4488000e+00   2.1320200e+01   7.0676200e+01   2.5588000e+00   3.5300000e-01   3.0000000e-02   5.2439423e+01  -2.1934544e+00
   7.5200000e+02   2.5877730e+03   2.7158790e+03   2.5510800e+01   1.6573000e+00   2.2508200e+01   2.3662500e+01   3.0026000e+00   3.5400000e-01   3.0000000e-02   5.2421581e+01  -2.1922411e+00
   7.5300000e+02   2.7739680e+03   2.7032100e+03   2.4930500e+01   2.8282000e+00   2.2932600e+01   1.6005900e+01   1.9979000e+00   4.1100000e-01   3.0000000e-02   5.2418216e+01  -2.1924698e+00
   7.5400000e+02   3.4245700e+03   2.6607040e+03   2.2938900e+01   1.7707400e+01   2.0436700e+01   1.5946880e+02   2.5022000e+00   3.5400000e-01   3.0000000e-02   5.2406461e+01  -2.1932372e+00
   7.7400000e+02   1.8929750e+03   2.6570010e+03   2.1705000e+01   5.5170200e+01   1.9412800e+01   4.0948290e+02   2.2922000e+00   3.4100000e-01   3.0000000e-02   5.2434135e+01  -2.1933041e+00
   7.8100000e+02   2.2414550e+03   2.6681540e+03   2.4477200e+01   4.2935000e+00   2.2610200e+01   2.1541300e+01   1.8670000e+00   7.5500000e-01   3.0000000e-02   5.2427838e+01  -2.1931028e+00
   7.9100000e+02   3.2493450e+03   2.6286710e+03   2.3462600e+01   1.0930800e+01   2.0518800e+01   1.4785500e+02   2.9438000e+00   3.9200000e-01   3.0000000e-02   5.2409627e+01  -2.1938156e+00
   7.9800000e+02   2.1231150e+03   2.6025630e+03   2.4032800e+01   6.4650000e+00   2.1891200e+01   4.1770900e+01   2.1416000e+00   3.8600000e-01   3.0000000e-02   5.2429977e+01  -2.1942870e+00
   8.0000000e+02   2.0352120e+03   2.6069820e+03   2.1937300e+01   4.4543300e+01   1.9501300e+01   3.7742130e+02   2.4360000e+00   3.7800000e-01   3.0000000e-02   5.2431565e+01  -2.1942072e+00
   8.0200000e+02   2.7485460e+03   2.6592010e+03   2.5469900e+01   1.7209000e+00   2.3980500e+01   6.0973000e+00   1.4894000e+00   3.8700000e-01   3.0000000e-02   5.2418676e+01  -2.1932644e+00
   8.0300000e+02   2.4262280e+03   2.6705110e+03   2.4517000e+01   4.1390000e+00   2.2566300e+01   2.2430000e+01   1.9507000e+00   3.3600000e-01   3.0000000e-02   5.2424500e+01  -2.1930602e+00
   8.0600000e+02   1.5291890e+03   2.7150280e+03   2.3703900e+01   8.7524000e+00   2.1404400e+01   6.5402700e+01   2.2995000e+00   3.4500000e-01   3.0000000e-02   5.2440708e+01  -2.1922563e+00
   8.0900000e+02   2.1979140e+03   2.6374860e+03   2.2706300e+01   2.1937000e+01   2.0299500e+01   1.8094730e+02   2.4068000e+00   3.5800000e-01   3.0000000e-02   5.2428625e+01  -2.1936565e+00
   8.3700000e+02   2.3748270e+03   2.5993490e+03   2.4973100e+01   2.7192000e+00   2.2489400e+01   2.4075700e+01   2.4837000e+00   3.6300000e-01   3.0000000e-02   5.2425428e+01  -2.1943451e+00
   8.6400000e+02   2.4026800e+03   2.4648340e+03   2.5469500e+01   1.7215000e+00   2.3236800e+01   1.2095500e+01   2.2327000e+00   2.5700000e-01   3.0000000e-02   5.2424925e+01  -2.1967738e+00
   8.8200000e+02   2.3228050e+03   2.6061270e+03   2.4121800e+01   5.9563000e+00   2.2007500e+01   3.7525000e+01   2.1143000e+00   3.4400000e-01   3.0000000e-02   5.2426368e+01  -2.1942227e+00
   8.8300000e+02   3.4667850e+03   2.6710210e+03   2.3954700e+01   6.9475000e+00   2.1805000e+01   4.5218700e+01   2.1497000e+00   3.6700000e-01   3.0000000e-02   5.2405698e+01  -2.1930509e+00
   8.8800000e+02   2.6128350e+03   2.5784380e+03   2.5274100e+01   2.0610000e+00   2.3699600e+01   7.8976000e+00   1.5745000e+00   6.6000000e-01   1.0000000e-02   5.2421128e+01  -2.1947226e+00
   8.8900000e+02   2.3718160e+03   2.4946170e+03   2.4677900e+01   3.5688000e+00   2.2316900e+01   2.8222500e+01   2.3610000e+00   3.8100000e-01   3.0000000e-02   5.2425483e+01  -2.1962361e+00
   8.9000000e+02   2.0458080e+03   2.6633960e+03   2.4910800e+01   2.8801000e+00   2.2540200e+01   2.2974400e+01   2.3706000e+00   3.3500000e-01   3.0000000e-02   5.2431373e+01  -2.1931887e+00
   8.9500000e+02   2.4418120e+03   2.4444840e+03   2.2489600e+01   2.6782700e+01   2.0614600e+01   1.3536160e+02   1.8750000e+00   3.4800000e-01   3.0000000e-02   5.2424218e+01  -2.1971413e+00
   8.9600000e+02   2.4523110e+03   2.5502150e+03   2.4774200e+01   3.2659000e+00   2.2427600e+01   2.5486000e+01   2.3466000e+00   4.3200000e-01   3.0000000e-02   5.2424028e+01  -2.1952322e+00
   9.0300000e+02   3.4280930e+03   2.5959680e+03   2.5674700e+01   1.4250000e+00   2.3206300e+01   1.2439600e+01   2.4684000e+00   4.7300000e-01   3.0000000e-02   5.2406397e+01  -2.1944060e+00
   9.0600000e+02   2.4568870e+03   2.5391070e+03   2.4241800e+01   5.3331000e+00   2.1541800e+01   5.7626900e+01   2.7000000e+00   3.6100000e-01   3.0000000e-02   5.2423946e+01  -2.1954328e+00
   9.4800000e+02   3.3369350e+03   2.7097590e+03   2.3241600e+01   1.3398500e+01   2.1591700e+01   5.5035100e+01   1.6499000e+00   4.3800000e-01   3.0000000e-02   5.2408044e+01  -2.1923515e+00
   9.5000000e+02   2.7204210e+03   2.5697670e+03   2.2776800e+01   2.0558100e+01   2.0384500e+01   1.6731080e+02   2.3923000e+00   3.4300000e-01   3.0000000e-02   5.2419184e+01  -2.1948792e+00
   9.5900000e+02   1.5663680e+03   2.5559670e+03   2.4719300e+01   3.4356000e+00   2.2985600e+01   1.5243900e+01   1.7337000e+00   4.3900000e-01   3.0000000e-02   5.2440036e+01  -2.1951283e+00
   9.7100000e+02   2.7033310e+03   2.5304210e+03   2.5140800e+01   2.3301000e+00   2.3276400e+01   1.1661800e+01   1.8644000e+00   4.0300000e-01   3.0000000e-02   5.2419493e+01  -2.1955896e+00
   9.9300000e+02   2.7602980e+03   2.5231610e+03   2.5154800e+01   2.3004000e+00   2.2239400e+01   3.0310100e+01   2.9154000e+00   2.6600000e-01   3.0000000e-02   5.2418463e+01  -2.1957207e+00
   9.9500000e+02   1.9578050e+03   2.5219110e+03   2.5636700e+01   1.4757000e+00   2.2895900e+01   1.6557300e+01   2.7408000e+00   2.8900000e-01   3.0000000e-02   5.2432963e+01  -2.1957432e+00
   9.9700000e+02   1.8476250e+03   2.4123620e+03   2.5603100e+01   1.5222000e+00   2.3162800e+01   1.2948300e+01   2.4403000e+00   2.5900000e-01   3.0000000e-02   5.2434954e+01  -2.1977212e+00
   9.9800000e+02   1.8295220e+03   2.4733100e+03   2.2106300e+01   3.8123000e+01   1.9614100e+01   3.4017470e+02   2.4922000e+00   3.3500000e-01   3.0000000e-02   5.2435281e+01  -2.1966207e+00
   1.0020000e+03   2.2351620e+03   2.5135480e+03   2.4297400e+01   5.0671000e+00   2.2444400e+01   2.5094500e+01   1.8530000e+00   3.9800000e-01   3.0000000e-02   5.2427952e+01  -2.1958943e+00
   1.0060000e+03   2.5584780e+03   2.4206200e+03   2.4223900e+01   5.4217000e+00   2.2031900e+01   3.6693600e+01   2.1920000e+00   2.7300000e-01   3.0000000e-02   5.2422110e+01  -2.1975721e+00
   1.0120000e+03   2.0667410e+03   2.5093880e+03   2.5294100e+01   2.0233000e+00   2.3768900e+01   7.4094000e+00   1.5252000e+00   5.1500000e-01   3.0000000e-02   5.2430995e+01  -2.1959694e+00
   1.0210000e+03   2.4939560e+03   2.4567480e+03   2.3564000e+01   9.9568000e+00   2.1176700e+01   8.0663500e+01   2.3873000e+00   3.0600000e-01   3.0000000e-02   5.2423276e+01  -2.1969198e+00
   1.0250000e+03   1.1477690e+03   2.5035720e+03   2.5319600e+01   1.9764000e+00   2.3078100e+01   1.3999000e+01   2.2415000e+00   3.5200000e-01   3.0000000e-02   5.2447600e+01  -2.1960742e+00
   1.0450000e+03   2.1967540e+03   2.4716440e+03   2.3536400e+01   1.0213200e+01   2.1179000e+01   8.0485600e+01   2.3574000e+00   2.9900000e-01   3.0000000e-02   5.2428646e+01  -2.1966509e+00
   1.0480000e+03   3.5491440e+03   2.4741040e+03   2.4772600e+01   3.2710000e+00   2.3025200e+01   1.4698200e+01   1.7474000e+00   6.9800000e-01   3.0000000e-02   5.2404210e+01  -2.1966063e+00
   1.0730000e+03   1.2917130e+03   2.4551580e+03   2.4116300e+01   5.9867000e+00   2.2206800e+01   3.1232000e+01   1.9095000e+00   4.9100000e-01   3.0000000e-02   5.2444999e+01  -2.1969484e+00
   1.0820000e+03   2.4792740e+03   2.6248960e+03   2.5519800e+01   1.6436000e+00   2.3259000e+01   1.1850600e+01   2.2608000e+00   2.6700000e-01   3.0000000e-02   5.2423541e+01  -2.1938838e+00
   1.0960000e+03   2.9062220e+03   2.4368230e+03   2.4051600e+01   6.3542000e+00   2.1827900e+01   4.4278100e+01   2.2237000e+00   6.1600000e-01   3.0000000e-02   5.2415827e+01  -2.1972796e+00
   1.1400000e+03   1.9757160e+03   2.3929640e+03   2.3188400e+01   1.4072000e+01   2.1014200e+01   9.3683500e+01   2.1742000e+00   3.1100000e-01   3.0000000e-02   5.2432640e+01  -2.1980714e+00
   1.1550000e+03   2.7616660e+03   2.3465220e+03   2.4672200e+01   3.5876000e+00   2.2614900e+01   2.1448200e+01   2.0573000e+00   3.6700000e-01   3.0000000e-02   5.2418439e+01  -2.1989100e+00
   1.1580000e+03   2.9349180e+03   2.3241390e+03   2.2510400e+01   2.6274000e+01   1.9883200e+01   2.6549660e+02   2.6272000e+00   3.3700000e-01   3.0000000e-02   5.2415308e+01  -2.1993141e+00
   1.1840000e+03   3.3775090e+03   2.3666860e+03   2.5514000e+01   1.6523000e+00   2.3244700e+01   1.2007800e+01   2.2693000e+00   5.3500000e-01   2.0000000e-02   5.2407311e+01  -2.1985459e+00
   1.1950000e+03   2.4299130e+03   2.5323540e+03   2.4421700e+01   4.5186000e+00   2.2661100e+01   2.0554400e+01   1.7606000e+00   3.3000000e-01   3.0000000e-02   5.2424433e+01  -2.1955547e+00
   1.2100000e+03   1.2850240e+03   2.3166750e+03   2.2220200e+01   3.4326300e+01   1.9633300e+01   3.3419810e+02   2.5869000e+00   4.2800000e-01   3.0000000e-02   5.2445120e+01  -2.1994488e+00
   1.2210000e+03   2.5589170e+03   2.5561990e+03   2.3261800e+01   1.3151900e+01   2.1170500e+01   8.1123000e+01   2.0913000e+00   3.6800000e-01   3.0000000e-02   5.2422102e+01  -2.1951242e+00
   1.2290000e+03   1.6390800e+03   2.3256530e+03   2.3431400e+01   1.1249700e+01   2.1793300e+01   4.5709900e+01   1.6381000e+00   4.2700000e-01   3.0000000e-02   5.2438722e+01  -2.1992867e+00
   1.2350000e+03   1.5406250e+03   2.3249770e+03   2.4332700e+01   4.9049000e+00   2.2246700e+01   3.0107600e+01   2.0860000e+00   5.3100000e-01   3.0000000e-02   5.2440502e+01  -2.1992989e+00
   1.2500000e+03   2.8993450e+03   2.3292530e+03   2.3165400e+01   1.4372500e+01   2.0938600e+01   1.0044090e+02   2.2268000e+00   3.5200000e-01   3.0000000e-02   5.2415951e+01  -2.1992218e+00
   1.2510000e+03   2.1878910e+03   2.3091010e+03   2.6048500e+01   1.0099000e+00   2.3612000e+01   8.5614000e+00   2.4365000e+00   7.2800000e-01   0.0000000e+00   5.2428806e+01  -2.1995857e+00
   1.2520000e+03   2.5633020e+03   2.2863050e+03   2.3124600e+01   1.4922900e+01   2.0982300e+01   9.6471700e+01   2.1423000e+00   3.4000000e-01   3.0000000e-02   5.2422023e+01  -2.1999973e+00
   1.2610000e+03   2.4979230e+03   2.3114280e+03   2.6142900e+01   9.2580000e-01   2.3968900e+01   6.1627000e+00   2.1740000e+00   2.9900000e-01   3.0000000e-02   5.2423204e+01  -2.1995437e+00
   1.2990000e+03   2.4224430e+03   2.2498220e+03   2.1343600e+01   7.6957600e+01   1.9618700e+01   3.3871870e+02   1.7249000e+00   2.0200000e-01   3.5000000e-01   5.2424568e+01  -2.2006560e+00
   1.3150000e+03   1.5994860e+03   2.2446760e+03   2.5103700e+01   2.4111000e+00   2.3235100e+01   1.2114600e+01   1.8686000e+00   5.5800000e-01   2.0000000e-02   5.2439438e+01  -2.2007488e+00
   1.3170000e+03   2.1981780e+03   2.2487730e+03   2.5222400e+01   2.1613000e+00   2.3033000e+01   1.4592200e+01   2.1894000e+00   4.1700000e-01   3.0000000e-02   5.2428620e+01  -2.2006749e+00
   1.3230000e+03   2.8993020e+03   2.2369790e+03   2.4694400e+01   3.5153000e+00   2.2429600e+01   2.5438100e+01   2.2648000e+00   3.2000000e-01   3.0000000e-02   5.2415952e+01  -2.2008879e+00
   1.3240000e+03   2.8856750e+03   2.2330810e+03   2.3392400e+01   1.1660700e+01   2.0947900e+01   9.9578700e+01   2.4445000e+00   3.0300000e-01   3.0000000e-02   5.2416198e+01  -2.2009582e+00
   1.3410000e+03   1.8121910e+03   2.2299190e+03   2.4946400e+01   2.7870000e+00   2.2595100e+01   2.1841900e+01   2.3513000e+00   4.4000000e-01   3.0000000e-02   5.2435595e+01  -2.2010153e+00
   1.3500000e+03   1.6656860e+03   2.0933080e+03   2.5358800e+01   1.9062000e+00   2.2816900e+01   1.7806200e+01   2.5419000e+00   3.8500000e-01   3.0000000e-02   5.2438242e+01  -2.2034819e+00
   1.3510000e+03   1.6504770e+03   2.2009100e+03   2.2640500e+01   2.3308700e+01   2.0494500e+01   1.5119020e+02   2.1460000e+00   5.6700000e-01   3.0000000e-02   5.2438517e+01  -2.2015390e+00
   1.3530000e+03   1.3344260e+03   2.2198790e+03   2.4192100e+01   5.5828000e+00   2.2144900e+01   3.3067200e+01   2.0472000e+00   3.7300000e-01   3.0000000e-02   5.2444227e+01  -2.2011965e+00
   1.3580000e+03   1.6598280e+03   2.1598880e+03   2.1959200e+01   4.3654100e+01   1.9315700e+01   4.4777380e+02   2.6435000e+00   3.4700000e-01   3.0000000e-02   5.2438348e+01  -2.2022797e+00
   1.3810000e+03   3.5739170e+03   2.2091390e+03   2.5293600e+01   2.0243000e+00   2.3591200e+01   8.7270000e+00   1.7024000e+00   5.2500000e-01   0.0000000e+00   5.2403762e+01  -2.2013904e+00
   1.4000000e+03   1.8201140e+03   2.1438890e+03   2.2437600e+01   2.8097000e+01   1.9905900e+01   2.6001230e+02   2.5317000e+00   3.7900000e-01   3.0000000e-02   5.2435451e+01  -2.2025686e+00
   1.4080000e+03   2.9804330e+03   2.1615860e+03   2.2520100e+01   2.6040500e+01   2.0935800e+01   1.0070110e+02   1.5843000e+00   6.8200000e-01   3.0000000e-02   5.2414486e+01  -2.2022491e+00
   1.4230000e+03   2.6380250e+03   2.1628500e+03   2.5099800e+01   2.4197000e+00   2.2584100e+01   2.2064000e+01   2.5157000e+00   2.7100000e-01   3.0000000e-02   5.2420673e+01  -2.2022263e+00
   1.4240000e+03   2.6426310e+03   2.1370150e+03   2.5439300e+01   1.7701000e+00   2.3902000e+01   6.5542000e+00   1.5373000e+00   6.4100000e-01   0.0000000e+00   5.2420589e+01  -2.2026928e+00
   1.4250000e+03   2.7096870e+03   2.0621330e+03   2.1671000e+01   5.6925100e+01   1.9097500e+01   5.4742620e+02   2.5735000e+00   4.0500000e-01   3.0000000e-02   5.2419378e+01  -2.2040448e+00
   1.4280000e+03   2.8088330e+03   2.1574990e+03   2.4694000e+01   3.5166000e+00   2.2327400e+01   2.7949300e+01   2.3666000e+00   3.7600000e-01   3.0000000e-02   5.2417586e+01  -2.2023229e+00
   1.4330000e+03   1.3168020e+03   2.1479960e+03   2.3038000e+01   1.6162200e+01   2.0954000e+01   9.9023600e+01   2.0840000e+00   2.3200000e-01   6.0000000e-02   5.2444546e+01  -2.2024944e+00
   1.4340000e+03   1.2731070e+03   2.1374620e+03   2.4037900e+01   6.4349000e+00   2.1607800e+01   5.4225600e+01   2.4301000e+00   2.0900000e-01   5.0000000e-02   5.2445335e+01  -2.2026845e+00
   1.4530000e+03   1.3853650e+03   2.1216180e+03   2.3121700e+01   1.4963200e+01   2.0689300e+01   1.2636560e+02   2.4324000e+00   3.5500000e-01   3.0000000e-02   5.2443307e+01  -2.2029706e+00
   1.4560000e+03   2.7563960e+03   2.0062050e+03   2.6122900e+01   9.4310000e-01   2.3603400e+01   8.6293000e+00   2.5195000e+00   4.9700000e-01   3.0000000e-02   5.2418534e+01  -2.2050546e+00
   1.4660000e+03   2.8424770e+03   2.1047220e+03   2.4041900e+01   6.4113000e+00   2.1884400e+01   4.2031200e+01   2.1575000e+00   3.1800000e-01   3.0000000e-02   5.2416978e+01  -2.2032758e+00
   1.4670000e+03   1.5303620e+03   2.1071550e+03   2.4787500e+01   3.2262000e+00   2.2776400e+01   1.8483600e+01   2.0111000e+00   4.1100000e-01   3.0000000e-02   5.2440687e+01  -2.2032318e+00
   1.4700000e+03   3.1323000e+03   2.0528990e+03   2.2364200e+01   3.0063300e+01   1.9662600e+01   3.2529650e+02   2.7016000e+00   4.4000000e-01   3.0000000e-02   5.2411742e+01  -2.2042115e+00
   1.4760000e+03   2.3204880e+03   2.1174250e+03   2.3720200e+01   8.6223000e+00   2.1228100e+01   7.6932800e+01   2.4921000e+00   2.9500000e-01   3.0000000e-02   5.2426410e+01  -2.2030465e+00
   1.5050000e+03   1.9818920e+03   2.0680400e+03   2.5549700e+01   1.5989000e+00   2.3811600e+01   7.1236000e+00   1.7381000e+00   4.3000000e-01   3.0000000e-02   5.2432528e+01  -2.2039381e+00
   1.5590000e+03   2.8026930e+03   1.9796690e+03   2.2509200e+01   2.6304400e+01   2.0172600e+01   2.0336790e+02   2.3366000e+00   4.9000000e-01   3.0000000e-02   5.2417697e+01  -2.2055337e+00
   1.5790000e+03   1.4694940e+03   2.1086550e+03   2.4921200e+01   2.8525000e+00   2.2862200e+01   1.7078400e+01   2.0590000e+00   3.3900000e-01   3.0000000e-02   5.2441787e+01  -2.2032047e+00
   1.5810000e+03   1.7164470e+03   1.9956570e+03   2.2231200e+01   3.3981300e+01   2.0297600e+01   1.8126310e+02   1.9336000e+00   3.8500000e-01   3.0000000e-02   5.2437325e+01  -2.2052450e+00
   1.5910000e+03   2.3634710e+03   1.9554480e+03   2.2167900e+01   3.6019400e+01   1.9715700e+01   3.0978440e+02   2.4522000e+00   3.5000000e-01   3.0000000e-02   5.2425634e+01  -2.2059711e+00
   1.5920000e+03   2.3050550e+03   1.9804310e+03   2.4768200e+01   3.2843000e+00   2.2580600e+01   2.2135800e+01   2.1876000e+00   3.5800000e-01   3.0000000e-02   5.2426689e+01  -2.2055200e+00
   1.5940000e+03   2.3024900e+03   1.8815050e+03   2.2063900e+01   3.9640600e+01   1.9574700e+01   3.5275750e+02   2.4892000e+00   3.3800000e-01   3.0000000e-02   5.2426735e+01  -2.2073062e+00
   1.5980000e+03   2.0260060e+03   1.9552930e+03   2.2929800e+01   1.7856500e+01   2.1036100e+01   9.1815300e+01   1.8937000e+00   7.3000000e-01   3.0000000e-02   5.2431731e+01  -2.2059739e+00
   1.6120000e+03   2.1567490e+03   1.9540040e+03   2.3382700e+01   1.1765500e+01   2.0888600e+01   1.0517430e+02   2.4941000e+00   3.0800000e-01   3.0000000e-02   5.2429369e+01  -2.2059971e+00
   1.6460000e+03   2.6861370e+03   1.8773930e+03   2.0179200e+01   2.2490870e+02   1.7966400e+01   1.5516133e+03   2.2128000e+00   4.1500000e-01   3.0000000e-02   5.2419803e+01  -2.2073804e+00
   1.6530000e+03   2.8461670e+03   1.9726570e+03   2.4923500e+01   2.8464000e+00   2.3371200e+01   1.0686600e+01   1.5523000e+00   4.5700000e-01   3.0000000e-02   5.2416912e+01  -2.2056603e+00
   1.6580000e+03   3.1856160e+03   1.8952550e+03   2.5612600e+01   1.5089000e+00   2.3726100e+01   7.7073000e+00   1.8865000e+00   3.8300000e-01   3.0000000e-02   5.2410778e+01  -2.2070578e+00
   1.6630000e+03   2.9353830e+03   1.8843960e+03   2.3110200e+01   1.5122000e+01   2.0564900e+01   1.4170370e+02   2.5453000e+00   4.0300000e-01   3.0000000e-02   5.2415300e+01  -2.2072539e+00
   1.6880000e+03   2.0870440e+03   1.8651370e+03   2.3571700e+01   9.8859000e+00   2.1096300e+01   8.6863100e+01   2.4754000e+00   3.6500000e-01   3.0000000e-02   5.2430628e+01  -2.2076017e+00
   1.6950000e+03   3.3377330e+03   1.8596930e+03   2.5785300e+01   1.2870000e+00   2.3367500e+01   1.0724000e+01   2.4178000e+00   3.4800000e-01   3.0000000e-02   5.2408030e+01  -2.2076999e+00
   1.7000000e+03   1.8679780e+03   1.8319590e+03   2.3029200e+01   1.6294200e+01   2.0947200e+01   9.9649600e+01   2.0820000e+00   3.2900000e-01   3.0000000e-02   5.2434587e+01  -2.2082007e+00
   1.7060000e+03   2.8891510e+03   1.8468320e+03   2.5262200e+01   2.0836000e+00   2.3069700e+01   1.4108200e+01   2.1925000e+00   4.5700000e-01   3.0000000e-02   5.2416135e+01  -2.2079322e+00
   1.7290000e+03   2.0166630e+03   1.7971140e+03   2.4264300e+01   5.2237000e+00   2.2276300e+01   2.9296500e+01   1.9880000e+00   3.0700000e-01   3.0000000e-02   5.2431900e+01  -2.2088299e+00
   1.7330000e+03   2.6788480e+03   1.8286640e+03   2.2941100e+01   1.7670800e+01   2.0336400e+01   1.7489980e+02   2.6047000e+00   3.7200000e-01   3.0000000e-02   5.2419935e+01  -2.2082602e+00
   1.7370000e+03   1.9139070e+03   1.9228120e+03   2.4223900e+01   5.4217000e+00   2.1932300e+01   4.0216200e+01   2.2916000e+00   3.3300000e-01   3.0000000e-02   5.2433757e+01  -2.2065603e+00
   1.7390000e+03   1.9341010e+03   1.9045270e+03   2.4154800e+01   5.7780000e+00   2.1659300e+01   5.1716100e+01   2.4955000e+00   2.8900000e-01   5.0000000e-02   5.2433392e+01  -2.2068905e+00
   1.7420000e+03   2.9697200e+03   1.7578720e+03   2.4013100e+01   6.5834000e+00   2.1719400e+01   4.8928200e+01   2.2937000e+00   4.6500000e-01   4.0000000e-02   5.2414679e+01  -2.2095384e+00
   1.7470000e+03   1.8388660e+03   1.7694590e+03   2.3481900e+01   1.0738800e+01   2.0956000e+01   9.8838700e+01   2.5259000e+00   3.4800000e-01   3.0000000e-02   5.2435113e+01  -2.2093292e+00
   1.7590000e+03   2.7857690e+03   1.7595910e+03   2.5587900e+01   1.5436000e+00   2.3724500e+01   7.7185000e+00   1.8634000e+00   4.7800000e-01   3.0000000e-02   5.2418003e+01  -2.2095074e+00
   1.7800000e+03   2.4452140e+03   1.7112740e+03   2.5832000e+01   1.2328000e+00   2.3955000e+01   6.2421000e+00   1.8770000e+00   4.3700000e-01   2.0000000e-02   5.2424157e+01  -2.2103798e+00
   1.7960000e+03   2.5923060e+03   1.6825060e+03   2.4864500e+01   3.0053000e+00   2.3174000e+01   1.2815900e+01   1.6905000e+00   5.1500000e-01   3.0000000e-02   5.2421499e+01  -2.2108992e+00
   1.8200000e+03   3.0121690e+03   1.6388440e+03   2.4290200e+01   5.1007000e+00   2.2477900e+01   2.4331200e+01   1.8123000e+00   4.1700000e-01   3.0000000e-02   5.2413912e+01  -2.2116875e+00
   1.8360000e+03   2.7933130e+03   1.6261690e+03   2.5041000e+01   2.5545000e+00   2.2969000e+01   1.5478700e+01   2.0720000e+00   6.4000000e-01   0.0000000e+00   5.2417867e+01  -2.2119164e+00
   1.8430000e+03   2.9554700e+03   1.5823210e+03   2.2211800e+01   3.4591200e+01   2.0064900e+01   2.2459110e+02   2.1469000e+00   3.6400000e-01   3.0000000e-02   5.2414937e+01  -2.2127081e+00
   1.8460000e+03   3.1247950e+03   1.6046680e+03   2.5337400e+01   1.9443000e+00   2.3724600e+01   7.7181000e+00   1.6128000e+00   5.9500000e-01   0.0000000e+00   5.2411877e+01  -2.2123046e+00
   1.8770000e+03   2.8181750e+03   1.5332970e+03   2.2847300e+01   1.9266200e+01   2.0532000e+01   1.4606240e+02   2.3153000e+00   4.3200000e-01   3.0000000e-02   5.2417417e+01  -2.2135932e+00
   1.8820000e+03   2.6284840e+03   1.5093540e+03   2.4371600e+01   4.7323000e+00   2.2317000e+01   2.8219900e+01   2.0546000e+00   3.1700000e-01   3.0000000e-02   5.2420845e+01  -2.2140255e+00
   1.9640000e+03   2.4412320e+03   1.2816500e+03   2.4211400e+01   5.4846000e+00   2.1935400e+01   4.0101900e+01   2.2760000e+00   3.6900000e-01   3.0000000e-02   5.2424228e+01  -2.2181369e+00
   2.0100000e+03   2.6592780e+03   1.1964340e+03   2.4561700e+01   3.9722000e+00   2.2480100e+01   2.4282600e+01   2.0816000e+00   5.6900000e-01   3.0000000e-02   5.2420289e+01  -2.2196755e+00
   9.5300000e+02   2.3093010e+03   2.5381500e+03  -9.9000000e+01   2.4802600e+01  -9.9000000e+01   1.2732970e+02   0.0000000e+00   4.4600000e-01   3.0000000e-02   5.2426612e+01  -2.1954501e+00
   8.7100000e+02   2.4117240e+03   2.4393750e+03   2.4880100e+01   2.9626000e+00   2.1707400e+01   4.9473000e+01   3.1727000e+00   2.8400000e-01   3.0000000e-02   5.2424762e+01  -2.1972335e+00
   1.1850000e+03   2.4144960e+03   2.4965280e+03   2.4174400e+01   5.6744000e+00   2.2862700e+01   1.7071200e+01   1.3117000e+00   2.3800000e-01   3.0000000e-02   5.2424712e+01  -2.1962016e+00
   1.7510000e+03   3.4856620e+03   3.1614430e+03   2.2155600e+01   3.6430300e+01   1.9754100e+01   2.9901220e+02   2.4015000e+00   2.5000000e-01   3.0000000e-02   5.2405357e+01  -2.1841961e+00
   1.3810000e+03   3.1002500e+03   3.5325430e+03   2.0754600e+01   1.3239420e+02   1.8387700e+01   1.0525646e+03   2.3669000e+00   3.4600000e-01   3.0000000e-02   5.2412321e+01  -2.1774957e+00
   1.0250000e+03   3.0933460e+03   3.4434130e+03   2.2279800e+01   3.2492500e+01   1.9786700e+01   2.9017060e+02   2.4931000e+00   4.4100000e-01   3.0000000e-02   5.2412446e+01  -2.1791050e+00
   1.4380000e+03   3.2288120e+03   3.3481550e+03   2.2410500e+01   2.8808600e+01   2.0199200e+01   1.9844740e+02   2.2113000e+00   2.3800000e-01   3.0000000e-02   5.2409998e+01  -2.1808249e+00
   1.5240000e+03   3.0612330e+03   3.2988040e+03   2.3185400e+01   1.4110500e+01   2.0729300e+01   1.2179130e+02   2.4561000e+00   2.8100000e-01   3.0000000e-02   5.2413026e+01  -2.1817160e+00
   1.0110000e+03   3.5268630e+03   3.5806660e+03   2.2335900e+01   3.0856100e+01   1.9806800e+01   2.8484770e+02   2.5291000e+00   3.8500000e-01   3.0000000e-02   5.2404613e+01  -2.1766267e+00
   9.1700000e+02   3.2768920e+03   3.6361940e+03   2.2248200e+01   3.3452600e+01   1.9919300e+01   2.5681950e+02   2.3289000e+00   3.2000000e-01   3.0000000e-02   5.2409129e+01  -2.1756242e+00
   9.4600000e+02   2.9864480e+03   3.6132940e+03   2.1764100e+01   5.2247400e+01   1.9415000e+01   4.0862960e+02   2.3491000e+00   2.6300000e-01   3.0000000e-02   5.2414377e+01  -2.1760377e+00
   9.4700000e+02   3.0808620e+03   3.6331900e+03   2.3803300e+01   7.9870000e+00   2.1481200e+01   6.0935800e+01   2.3221000e+00   2.4900000e-01   3.0000000e-02   5.2412671e+01  -2.1756785e+00
   9.2900000e+02   3.6110530e+03   3.6375100e+03   2.3094900e+01   1.5336600e+01   2.0885600e+01   1.0546460e+02   2.2093000e+00   2.4800000e-01   3.0000000e-02   5.2403092e+01  -2.1756004e+00
   1.2010000e+03   3.3700260e+03   3.4629310e+03   2.3010700e+01   1.6574100e+01   2.0703400e+01   1.2473660e+02   2.3073000e+00   2.0100000e-01   3.0000000e-02   5.2407446e+01  -2.1787526e+00
   1.5000000e+03   3.4398560e+03   3.3260440e+03   2.3425400e+01   1.1312400e+01   2.1170800e+01   8.1097700e+01   2.2546000e+00   1.9200000e-01   3.0000000e-02   5.2406185e+01  -2.1812241e+00
   7.1700000e+02   3.0132020e+03   3.7636830e+03   2.3678300e+01   8.9618000e+00   2.1910500e+01   4.1034600e+01   1.7678000e+00   5.0800000e-01   3.0000000e-02   5.2413894e+01  -2.1733224e+00
   5.3600000e+02   3.5931170e+03   3.8606870e+03   2.2843900e+01   1.9326700e+01   2.0462700e+01   1.5568870e+02   2.3812000e+00   9.8400000e-01   3.0000000e-02   5.2403416e+01  -2.1715708e+00
   1.1520000e+03   1.7250530e+03   3.4652220e+03   2.2588900e+01   2.4443100e+01   2.0349300e+01   1.7282970e+02   2.2396000e+00   3.6100000e-01   3.0000000e-02   5.2437169e+01  -2.1787112e+00
   2.0820000e+03   1.2925220e+03   2.9298380e+03   2.2913500e+01   1.8125600e+01   2.0573500e+01   1.4057900e+02   2.3400000e+00   2.5900000e-01   3.0000000e-02   5.2444984e+01  -2.1883778e+00
   